Correlation matrix — daily returns (16 tickers)
Period: 2020-04-20 to 2026-04-24  (1360 trading days, inner-join alignment)

         DBZB      EEA     EQQQ     IBZL     IDTL     IEEM     IGLN     IJPA     IUCD     IUCS     IUES     IUHC     IUIT     SEGA     SMEA     SXR8
----------------------------------------------------------------------------------------------------------------------------------------------------
DBZB     1.00     0.08    -0.01    -0.03     0.81    -0.05     0.25     0.04     0.07     0.11    -0.18     0.10     0.02     0.58    -0.01    -0.05
EEA      0.08     1.00     0.24     0.22     0.02     0.34     0.12     0.31     0.34     0.22     0.21     0.29     0.33     0.01     0.49     0.27
EQQQ    -0.01     0.24     1.00     0.32    -0.02     0.56    -0.01     0.54     0.80     0.31     0.23     0.46     0.91    -0.13     0.53     0.89
IBZL    -0.03     0.22     0.32     1.00    -0.07     0.48     0.09     0.37     0.34     0.22     0.40     0.22     0.31    -0.14     0.39     0.40
IDTL     0.81     0.02    -0.02    -0.07     1.00    -0.08     0.18     0.00     0.03     0.06    -0.23     0.06     0.00     0.50    -0.06    -0.10
IEEM    -0.05     0.34     0.56     0.48    -0.08     1.00     0.12     0.50     0.53     0.21     0.28     0.31     0.55     0.03     0.65     0.55
IGLN     0.25     0.12    -0.01     0.09     0.18     0.12     1.00     0.07     0.08     0.12     0.07     0.11     0.10     0.15     0.07    -0.06
IJPA     0.04     0.31     0.54     0.37     0.00     0.50     0.07     1.00     0.52     0.30     0.32     0.39     0.48    -0.14     0.56     0.61
IUCD     0.07     0.34     0.80     0.34     0.03     0.53     0.08     0.52     1.00     0.40     0.32     0.50     0.78    -0.05     0.62     0.73
IUCS     0.11     0.22     0.31     0.22     0.06     0.21     0.12     0.30     0.40     1.00     0.27     0.63     0.33    -0.04     0.45     0.43
IUES    -0.18     0.21     0.23     0.40    -0.23     0.28     0.07     0.32     0.32     0.27     1.00     0.30     0.25    -0.29     0.38     0.42
IUHC     0.10     0.29     0.46     0.22     0.06     0.31     0.11     0.39     0.50     0.63     0.30     1.00     0.48    -0.04     0.57     0.57
IUIT     0.02     0.33     0.91     0.31     0.00     0.55     0.10     0.48     0.78     0.33     0.25     0.48     1.00    -0.07     0.59     0.78
SEGA     0.58     0.01    -0.13    -0.14     0.50     0.03     0.15    -0.14    -0.05    -0.04    -0.29    -0.04    -0.07     1.00     0.09    -0.19
SMEA    -0.01     0.49     0.53     0.39    -0.06     0.65     0.07     0.56     0.62     0.45     0.38     0.57     0.59     0.09     1.00     0.60
SXR8    -0.05     0.27     0.89     0.40    -0.10     0.55    -0.06     0.61     0.73     0.43     0.42     0.57     0.78    -0.19     0.60     1.00

Top 10 most correlated pairs:
  EQQQ   <-> IUIT    +0.907
  EQQQ   <-> SXR8    +0.885
  DBZB   <-> IDTL    +0.807
  EQQQ   <-> IUCD    +0.797
  IUIT   <-> SXR8    +0.783
  IUCD   <-> IUIT    +0.780
  IUCD   <-> SXR8    +0.734
  IEEM   <-> SMEA    +0.652
  IUCS   <-> IUHC    +0.627
  IUCD   <-> SMEA    +0.624

Top 10 least correlated pairs:
  IUES   <-> SEGA    -0.286
  IDTL   <-> IUES    -0.227
  SEGA   <-> SXR8    -0.194
  DBZB   <-> IUES    -0.183
  IBZL   <-> SEGA    -0.144
  IJPA   <-> SEGA    -0.137
  EQQQ   <-> SEGA    -0.127
  IDTL   <-> SXR8    -0.097
  IDTL   <-> IEEM    -0.081
  IUIT   <-> SEGA    -0.073
